177679
4467447
1751298
4480529
3483793
4425571
4475561
4414476
4392188
174749
3797933
4425648
4481131
15728
4429301
4111715
4394913
175336
4447950
4345397
4307093
4465072
178387
2281837
4434334
4418233
4462107
4448492
4409730
552528
4468234
4449054
4449055
4333897
2498994
52166
4453609
4442459
4295618
1952
4472813
211354
4479443
289709
4479397
4415338
2388617
4481427
666757
4451152
4457268
3931537
4454257
4431558
4443172
4396248
280706
4368600
4418496
4476604
178773
4424063
514523
4481624
186866
4457438
4456894
4450795
176269
4416113
4412540
3039313
357046
4354477
4385326
4470582
4454531
4326870
4369272
4469302
4474255
176469
167950
811492
4454586
4410166
4335484
4447072
4318935
301184
174019
4473788
4429981
2689396
4389066
4471279
4346675
198786
554163
4375000
299267
3236435
730906
248902
4474380
4413347
4473883
654155
4447176
4470870
196296
4372003
1504042
4483045
365536
4449851
846127
4478125
588216
668514
187883
4388819
4328189
296442
185420
4391262
4469576
2530636
4463532
4396877
151623
136025
2280817
4461030
4472091
718624
4477696
227434
173863
1105016
651436
4472174
4483337
189083
4456091
4452613
2829179
4464173
4477861
566243
4417335
4306262
4352657
4395075
4436552
4467347
113542
4395096
840376
2617854
4474951
16054
2979308
338757
4434799
4463045
4435396
4469167
3537197
4462599
3430935
1944498
183662
765388
183676
2229500
279107
4479989
4457872
4403113
4342104
4446898
184394
2407149
4458576
1508541
4380450
4425526
4459196
3117556
190309
4425663
4425669
4463892
4437362
3903651
4437359
48084
4454025
4426298
174516
4426438
173969
251702
4420408
159017
3035308
191148
147484
4377149
4480970
4405104
191355
4427290
4338624
4343627
1111200
125624
4388385
569244
2497335
4476780
175560
4328241
4482374
181174
4416570
2066056
4482516
187388
4439469
4466647
3390534
2740950
4484034
4484111
199534
4483596
3154070
2941399
193591
4473509
177828
294196
4337197
4441792
4478762
2307779
4423553
1105919
4463108
810889
4390365
4438545
301253
4383052
179744
4358602
229919
2075910
4428313
4366655
163243
182483
4471854
175148
54563
4410988
4465124
4478815
4189999
4029632
1602314
760544
4381430
178571
4295707
4407278
4449244
4429608
4431545
4468466
157054
180806
4301511
4420669
4413170
4343528
4401580
4393532
4482404
4393565
4366391
4366523
759916
229874
181858
4347520
4438983
4366834
174493
174611
197274
4441615
151870
3609545
816702
175535
4254313
191694
1142110
841635
184426
168415
111868
2544615
4413619
4439398
186081
173986
191161
195166
4419459
4468891
4359214
4326080
4453304
4387246
4476186
3084481
2368865
214031
4481613
4471245
4405482
3589845
4444262
4356065
823916
288004
4416951
2686369
4450214
3562626
171409
2814830
4467992
303006
183328
1102370
901834
4453535
4447992
4446058
176318
183865
4358322
212686
4397737
4429854
194672
4446669
4364405
4474760
311947
1978955
124470
2223978
173876
4388068
214036
4453773
2700883
4477199
176104
181059
187225
186851
192654
2835813
264967
4482983
4300690
4484075
299441
4202174
4368575
132991
842193
4385617
677165
4264281
593868
4402903
152125
196381
4226619
4403632
141145
4480861
4420570
4343842
552235
165118
2591420
4439530
4479347
4397092
931528
4409280
4004998
4387771
303571
4438999
188192
187751
2033299
4368216
177792
173965
197329
4435690
178712
2943548
173565
4309760
307571
568118
190679
181539
182073
4466827
110192
4428714
216550
839610
4396688
1148281
1010113
4410938
4417708
4476089
4444931
183715
4446320
4374663
760967
4326866
3070686
